% shrinkageDemoBaseballData

% 1970 batting averages for 18 major league players. Data from p313 of
% "Data Analysis Using Stein's Estimator and its Generalizations"
% Bradley Efron; Carl Morris JASA Vol. 70, No. 350. (Jun., 1975), pp. 311-319.

% first column = batting average for first 45 at bats
% 2nd column = batting everage for remainder of season
data = [0.400 0.346;
     0.378 0.298
     0.356 0.276
     0.333 0.222
     0.311 0.273
     0.311 0.270
     0.289 0.263
     0.267 0.210
     0.244 0.269
     0.244 0.230
     0.222 0.264
     0.222 0.256
     0.222 0.303
     0.222 0.264
     0.222 0.226
     0.200 0.285
     0.178 0.316
     0.156 0.200];
